7 97 0 -86 33 8 31 91 -53 -33 -62 -48 82 30 -10 -33 22 56 -44 33
78 -17 -18 70 36 -44 -40 -43 62 -67 35 -3 78 88 -90 81 50 -30 -82 -59
-84 84 36 32 47 84 24 5 -23 88 22 15 -88 -85 -76 64 29 -94 -8 -39
36 -32 76 -79 69 -41 -88 -93 6 53 -53 58 -25 7 30 -23 24 -62 -99 70
71 -36 46 -37 -23 -1 -25 75 66 -39 16 -91 -78 2 -43 -48 -42 21 -13 76
-35 97 -89 -1 -2 45 71 -82 90 -46 28 84 -17 53 -85 88 -8 2 35 -85
-52 30 34 43 49 38 -72 -21 30 -93 -51 87 -24 24 59 -28 -37 28 -81 -32
-66 -18 40 -38 59 72 49 -64 85 86 -19 -12 -90 -29 -48 15 -79 -52 -77 -93
-75 9 83 52 80 -50 54 37 51 97 -80 -77 -61 27 0 28 -68 53 42 42
58 -90 18 17 -72 -40 91 -22 25 85 96 -87 51 73 83 23 -30 3 24 23
-37 7 82 46 -54 92 88 -47 83 4 -59 -53 -82 -96 -28 -69 4 81 -7 -94
-25 66 -41 -99 -60 75 -78 45 -31 -73 -94 15 -93 -85 92 -35 -44 -13 -83 -10
80 77 43 -66 -91 17 17 -6 -1 24 40 -16 -93 -28 11 72 -73 -85 -76 15
-92 -41 19 86 57 -44 -6 -68 24 -95 -84 -86 15 -60 2 29 27 -10 95 -27
-64 -84 29 22 -60 -78 -22 -79 -60 52 81 -67 -42 70 -21 95 -36 66 1 -40
-51 39 80 -19 69 17 -25 -39 -82 88 -97 23 -19 95 93 -15 16 17 31 -5
16 17 -38 -36 -12 9 -46 -91 25 84 -46 -60 34 -93 45 3 98 91 -58 23
82 24 -43 -59 -93 -84 32 93 3 -72 -44 0 -56 49 -71 95 42 80 -64 64
2 -28 -54 76 71 53 16 -18 -88 23 96 15 -63 50 -63 -66 -11 34 79 -30
67 34 -38 81 -22 -63 -76 -93 -40 1 37 32 -18 59 46 -60 -86 11 -80 75